1.925
6.883
8.042
13.011
18.701
18.944
21.126
21.285
21.697
23.309
24.155
25.344
25.994
29.095
29.820
30.333
30.929
31.977
41.712
46.535
49.827
50.000
50.600
50.629
55.799
59.481
61.433
64.371
66.625
71.460
72.055
78.941
81.994
84.832
85.698
85.836
89.236
89.452
91.760
92.974
94.121
94.159
94.272
98.003
106.309
106.340
107.402
113.680
113.961
119.139
120.209
120.821
121.937
123.220
124.605
126.112
126.690
128.350
129.562
135.192
136.844
138.626
139.200
140.067
141.215
143.325
143.889
144.178
144.180
146.604
148.364
148.817
151.552
152.775
153.374
153.642
154.682
157.119
157.542
158.105
159.921
162.381
163.875
165.940
166.096
169.532
169.903
171.775
174.826
180.867
181.701
182.192
183.502
183.810
187.307
188.216
189.349
197.520
200.000
200.001
